Image_ID,Clock_Cycle,Neuron_ID
0,8760,114
0,8768,142
0,8776,86
0,8784,50
0,8792,62
0,8800,130
0,8808,5
0,8816,30
0,8824,25
0,8832,99
0,8840,107
0,8848,119
0,8856,112
0,8864,117
0,8872,105
0,8880,113
0,8888,109
0,8896,118
0,8904,115
0,8912,116
0,8920,106
0,8928,111
0,8936,110
0,8944,108
0,8952,148
0,8960,147
0,8968,143
0,8976,135
0,8984,140
0,8992,138
0,9000,146
0,9008,149
0,9016,145
0,9024,144
0,9032,136
0,9040,141
0,9048,137
0,9056,139
0,9064,74
0,9072,63
0,9080,70
0,9088,72
0,9096,69
0,9104,73
0,9112,61
0,9120,68
0,9128,60
0,9136,67
0,9144,64
0,9152,71
0,9160,121
0,9168,122
0,9176,66
0,9184,65
0,9192,129
0,9200,125
0,9208,120
0,9216,126
0,9224,132
0,9232,124
0,9240,133
0,9248,131
0,9256,123
0,9264,127
0,9272,76
0,9280,128
0,9288,85
0,9296,84
0,9304,87
0,9312,58
0,9320,77
0,9328,0
0,9336,45
0,9344,75
0,9352,79
0,9360,83
0,9368,134
0,9376,12
0,9384,55
0,9392,47
0,9400,59
0,9408,51
0,9416,49
0,9424,56
0,9432,1
0,9440,88
0,9448,34
0,9456,11
0,9464,10
0,9472,48
0,9480,78
0,9488,13
0,9496,52
0,9504,3
0,9512,89
0,9520,40
0,9528,53
0,9536,9
0,9544,82
0,9552,14
0,9560,57
0,9568,39
0,9576,41
0,9584,81
0,9592,42
0,9600,32
0,9608,33
0,9616,54
0,9624,8
0,9632,37
0,9640,80
0,9648,46
0,9656,36
0,9664,31
0,9672,35
0,9680,6
0,9688,38
0,9696,7
0,9704,4
0,9712,2
0,9720,44
0,9728,43
0,9736,101
0,9744,90
0,9752,97
0,9760,98
0,9768,100
0,9776,102
0,9784,104
0,9792,93
0,9800,91
0,9808,96
0,9816,92
0,9824,95
0,9832,94
0,9840,103
0,9848,28
0,9856,18
0,9864,16
0,9872,27
0,9880,21
0,9888,17
0,9896,23
0,9904,29
0,9912,19
0,9920,22
0,9928,26
0,9936,24
0,9944,20
0,9952,15
1,5584,30
1,5592,99
1,5600,86
1,5608,5
1,5616,50
1,5624,130
1,5632,62
1,5640,25
1,5648,142
1,5656,114
1,5664,57
1,5672,58
1,5680,48
1,5688,51
1,5696,49
1,5704,52
1,5712,32
1,5720,56
1,5728,33
1,5736,43
1,5744,55
1,5752,59
1,5760,53
1,5768,45
1,5776,35
1,5784,46
1,5792,38
1,5800,44
1,5808,37
1,5816,42
1,5824,47
1,5832,54
1,5840,85
1,5848,31
1,5856,41
1,5864,39
1,5872,34
1,5880,100
1,5888,36
1,5896,40
1,5904,81
1,5912,82
1,5920,97
1,5928,89
1,5936,94
1,5944,87
1,5952,84
1,5960,98
1,5968,104
1,5976,103
1,5984,91
1,5992,78
1,6000,80
1,6008,79
1,6016,77
1,6024,83
1,6032,75
1,6040,76
1,6048,102
1,6056,96
1,6064,92
1,6072,90
1,6080,129
1,6088,88
1,6096,101
1,6104,93
1,6112,127
1,6120,133
1,6128,128
1,6136,121
1,6144,126
1,6152,125
1,6160,134
1,6168,95
1,6176,131
1,6184,132
1,6192,124
1,6200,120
1,6208,122
1,6216,13
1,6224,11
1,6232,123
1,6240,2
1,6248,4
1,6256,6
1,6264,8
1,6272,1
1,6280,3
1,6288,10
1,6296,7
1,6304,9
1,6312,0
1,6320,18
1,6328,14
1,6336,17
1,6344,12
1,6352,26
1,6360,22
1,6368,27
1,6376,21
1,6384,16
1,6392,24
1,6400,28
1,6408,23
1,6416,19
1,6424,15
1,6432,29
1,6440,20
1,6448,145
1,6456,140
1,6464,147
1,6472,139
1,6480,137
1,6488,136
1,6496,141
1,6504,146
1,6512,144
1,6520,143
1,6528,149
1,6536,66
1,6544,138
1,6552,135
1,6560,148
1,6568,74
1,6576,63
1,6584,70
1,6592,60
1,6600,64
1,6608,61
1,6616,69
1,6624,65
1,6632,73
1,6640,118
1,6648,72
1,6656,68
1,6664,71
1,6672,119
1,6680,107
1,6688,112
1,6696,105
1,6704,109
1,6712,115
1,6720,111
1,6728,113
1,6736,116
1,6744,106
1,6752,67
1,6760,117
1,6768,110
1,6776,108
2,2304,25
2,2312,30
2,2320,130
2,2328,86
2,2336,50
2,2344,99
2,2352,62
2,2360,142
2,2368,114
2,2376,5
2,2384,20
2,2392,29
2,2400,18
2,2408,23
2,2416,24
2,2424,26
2,2432,22
2,2440,19
2,2448,28
2,2456,17
2,2464,27
2,2472,21
2,2480,15
2,2488,16
2,2496,122
2,2504,128
2,2512,123
2,2520,134
2,2528,131
2,2536,133
2,2544,127
2,2552,120
2,2560,129
2,2568,126
2,2576,132
2,2584,125
2,2592,121
2,2600,124
2,2608,39
2,2616,33
2,2624,41
2,2632,53
2,2640,42
2,2648,36
2,2656,34
2,2664,57
2,2672,31
2,2680,40
2,2688,37
2,2696,54
2,2704,35
2,2712,52
2,2720,44
2,2728,47
2,2736,32
2,2744,46
2,2752,43
2,2760,59
2,2768,45
2,2776,48
2,2784,49
2,2792,56
2,2800,58
2,2808,51
2,2816,55
2,2824,38
2,2832,89
2,2840,148
2,2848,80
2,2856,87
2,2864,83
2,2872,82
2,2880,78
2,2888,81
2,2896,98
2,2904,76
2,2912,77
2,2920,79
2,2928,85
2,2936,100
2,2944,140
2,2952,104
2,2960,88
2,2968,109
2,2976,84
2,2984,144
2,2992,96
2,3000,94
2,3008,149
2,3016,139
2,3024,95
2,3032,101
2,3040,75
2,3048,103
2,3056,136
2,3064,147
2,3072,108
2,3080,145
2,3088,91
2,3096,93
2,3104,92
2,3112,102
2,3120,115
2,3128,97
2,3136,113
2,3144,138
2,3152,90
2,3160,137
2,3168,135
2,3176,118
2,3184,143
2,3192,146
2,3200,110
2,3208,117
2,3216,111
2,3224,105
2,3232,66
2,3240,141
2,3248,106
2,3256,116
2,3264,112
2,3272,107
2,3280,119
2,3288,70
2,3296,60
2,3304,72
2,3312,61
2,3320,65
2,3328,73
2,3336,63
2,3344,67
2,3352,74
2,3360,71
2,3368,69
2,3376,68
2,3384,64
2,3392,1
2,3400,4
2,3408,11
2,3416,12
2,3424,7
2,3432,0
2,3440,10
2,3448,8
2,3456,2
2,3464,3
2,3472,13
2,3480,14
2,3488,6
2,3496,9
3,15504,5
3,15512,99
3,15520,86
3,15528,30
3,15536,130
3,15544,50
3,15552,62
3,15560,142
3,15568,114
3,15576,25
3,15584,1
3,15592,0
3,15600,6
3,15608,13
3,15616,4
3,15624,12
3,15632,14
3,15640,8
3,15648,10
3,15656,7
3,15664,3
3,15672,11
3,15680,9
3,15688,2
3,15696,90
3,15704,98
3,15712,85
3,15720,92
3,15728,97
3,15736,101
3,15744,100
3,15752,104
3,15760,94
3,15768,75
3,15776,76
3,15784,93
3,15792,95
3,15800,103
3,15808,88
3,15816,91
3,15824,82
3,15832,78
3,15840,102
3,15848,79
3,15856,96
3,15864,84
3,15872,77
3,15880,83
3,15888,80
3,15896,89
3,15904,87
3,15912,81
3,15920,32
3,15928,119
3,15936,109
3,15944,117
3,15952,140
3,15960,45
3,15968,135
3,15976,51
3,15984,107
3,15992,112
3,16000,121
3,16008,115
3,16016,106
3,16024,58
3,16032,147
3,16040,118
3,16048,108
3,16056,111
3,16064,37
3,16072,105
3,16080,43
3,16088,113
3,16096,42
3,16104,56
3,16112,116
3,16120,110
3,16128,57
3,16136,34
3,16144,44
3,16152,141
3,16160,55
3,16168,49
3,16176,120
3,16184,136
3,16192,145
3,16200,146
3,16208,148
3,16216,40
3,16224,52
3,16232,47
3,16240,48
3,16248,35
3,16256,133
3,16264,41
3,16272,129
3,16280,36
3,16288,39
3,16296,46
3,16304,137
3,16312,33
3,16320,128
3,16328,38
3,16336,53
3,16344,138
3,16352,31
3,16360,144
3,16368,139
3,16376,134
3,0,143
3,8,59
3,16,132
3,24,54
3,32,124
3,40,126
3,48,123
3,56,131
3,64,127
3,72,149
3,80,125
3,88,122
3,96,71
3,104,72
3,112,73
3,120,63
3,128,65
3,136,70
3,144,74
3,152,67
3,160,60
3,168,69
3,176,66
3,184,61
3,192,68
3,200,64
3,208,17
3,216,21
3,224,18
3,232,22
3,240,28
3,248,16
3,256,26
3,264,23
3,272,27
3,280,19
3,288,15
3,296,24
3,304,29
3,312,20
4,12144,62
4,12152,142
4,12160,30
4,12168,130
4,12176,99
4,12184,114
4,12192,86
4,12200,5
4,12208,50
4,12216,25
4,12224,60
4,12232,69
4,12240,74
4,12248,67
4,12256,64
4,12264,73
4,12272,71
4,12280,61
4,12288,68
4,12296,65
4,12304,72
4,12312,70
4,12320,66
4,12328,63
4,12336,138
4,12344,146
4,12352,136
4,12360,143
4,12368,137
4,12376,141
4,12384,147
4,12392,135
4,12400,145
4,12408,139
4,12416,149
4,12424,144
4,12432,140
4,12440,38
4,12448,148
4,12456,42
4,12464,36
4,12472,40
4,12480,43
4,12488,34
4,12496,31
4,12504,39
4,12512,101
4,12520,41
4,12528,119
4,12536,44
4,12544,33
4,12552,97
4,12560,93
4,12568,32
4,12576,35
4,12584,95
4,12592,37
4,12600,116
4,12608,96
4,12616,103
4,12624,90
4,12632,102
4,12640,92
4,12648,108
4,12656,106
4,12664,105
4,12672,133
4,12680,94
4,12688,117
4,12696,91
4,12704,113
4,12712,100
4,12720,121
4,12728,110
4,12736,127
4,12744,122
4,12752,111
4,12760,104
4,12768,98
4,12776,118
4,12784,129
4,12792,132
4,12800,124
4,12808,112
4,12816,115
4,12824,125
4,12832,107
4,12840,120
4,12848,109
4,12856,126
4,12864,131
4,12872,128
4,12880,123
4,12888,134
4,12896,9
4,12904,13
4,12912,4
4,12920,6
4,12928,1
4,12936,0
4,12944,8
4,12952,2
4,12960,7
4,12968,3
4,12976,14
4,12984,84
4,12992,12
4,13000,85
4,13008,81
4,13016,10
4,13024,88
4,13032,83
4,13040,11
4,13048,89
4,13056,80
4,13064,87
4,13072,75
4,13080,79
4,13088,76
4,13096,77
4,13104,82
4,13112,78
4,13120,58
4,13128,56
4,13136,47
4,13144,48
4,13152,46
4,13160,45
4,13168,51
4,13176,57
4,13184,49
4,13192,53
4,13200,54
4,13208,59
4,13216,55
4,13224,52
4,13232,27
4,13240,24
4,13248,21
4,13256,23
4,13264,22
4,13272,19
4,13280,16
4,13288,17
4,13296,28
4,13304,29
4,13312,20
4,13320,15
4,13328,18
4,13336,26
5,10304,25
5,10312,30
5,10320,130
5,10328,50
5,10336,86
5,10344,142
5,10352,114
5,10360,62
5,10368,99
5,10376,5
5,10384,18
5,10392,27
5,10400,21
5,10408,20
5,10416,29
5,10424,22
5,10432,23
5,10440,26
5,10448,19
5,10456,17
5,10464,24
5,10472,28
5,10480,15
5,10488,16
5,10496,123
5,10504,128
5,10512,122
5,10520,132
5,10528,129
5,10536,126
5,10544,134
5,10552,131
5,10560,133
5,10568,120
5,10576,121
5,10584,127
5,10592,125
5,10600,124
5,10608,53
5,10616,52
5,10624,42
5,10632,33
5,10640,39
5,10648,40
5,10656,37
5,10664,57
5,10672,54
5,10680,31
5,10688,34
5,10696,45
5,10704,56
5,10712,35
5,10720,59
5,10728,58
5,10736,36
5,10744,49
5,10752,41
5,10760,46
5,10768,51
5,10776,48
5,10784,55
5,10792,32
5,10800,47
5,10808,38
5,10816,44
5,10824,43
5,10832,148
5,10840,89
5,10848,109
5,10856,140
5,10864,85
5,10872,80
5,10880,144
5,10888,139
5,10896,79
5,10904,78
5,10912,88
5,10920,136
5,10928,83
5,10936,77
5,10944,82
5,10952,149
5,10960,87
5,10968,147
5,10976,115
5,10984,84
5,10992,76
5,11000,81
5,11008,138
5,11016,106
5,11024,108
5,11032,137
5,11040,116
5,11048,135
5,11056,113
5,11064,110
5,11072,143
5,11080,145
5,11088,111
5,11096,146
5,11104,118
5,11112,117
5,11120,75
5,11128,105
5,11136,107
5,11144,141
5,11152,100
5,11160,119
5,11168,112
5,11176,103
5,11184,95
5,11192,96
5,11200,98
5,11208,92
5,11216,101
5,11224,104
5,11232,94
5,11240,70
5,11248,102
5,11256,97
5,11264,90
5,11272,93
5,11280,66
5,11288,91
5,11296,60
5,11304,65
5,11312,61
5,11320,74
5,11328,72
5,11336,63
5,11344,69
5,11352,67
5,11360,73
5,11368,68
5,11376,71
5,11384,64
5,11392,1
5,11400,11
5,11408,0
5,11416,3
5,11424,4
5,11432,12
5,11440,10
5,11448,8
5,11456,7
5,11464,2
5,11472,13
5,11480,9
5,11488,6
5,11496,14
6,7016,62
6,7024,130
6,7032,86
6,7040,142
6,7048,50
6,7056,114
6,7064,30
6,7072,5
6,7080,99
6,7088,25
6,7096,72
6,7104,64
6,7112,69
6,7120,70
6,7128,73
6,7136,61
6,7144,63
6,7152,74
6,7160,71
6,7168,60
6,7176,66
6,7184,146
6,7192,67
6,7200,68
6,7208,148
6,7216,149
6,7224,65
6,7232,137
6,7240,143
6,7248,141
6,7256,139
6,7264,119
6,7272,140
6,7280,108
6,7288,147
6,7296,144
6,7304,112
6,7312,136
6,7320,138
6,7328,107
6,7336,117
6,7344,110
6,7352,118
6,7360,145
6,7368,116
6,7376,113
6,7384,106
6,7392,105
6,7400,111
6,7408,121
6,7416,135
6,7424,125
6,7432,115
6,7440,122
6,7448,133
6,7456,124
6,7464,127
6,7472,109
6,7480,126
6,7488,76
6,7496,131
6,7504,132
6,7512,129
6,7520,123
6,7528,134
6,7536,120
6,7544,81
6,7552,80
6,7560,128
6,7568,85
6,7576,49
6,7584,89
6,7592,87
6,7600,84
6,7608,77
6,7616,75
6,7624,51
6,7632,53
6,7640,55
6,7648,45
6,7656,83
6,7664,56
6,7672,82
6,7680,79
6,7688,52
6,7696,48
6,7704,59
6,7712,58
6,7720,54
6,7728,57
6,7736,78
6,7744,88
6,7752,46
6,7760,47
6,7768,44
6,7776,40
6,7784,34
6,7792,31
6,7800,37
6,7808,101
6,7816,35
6,7824,39
6,7832,36
6,7840,33
6,7848,102
6,7856,38
6,7864,41
6,7872,91
6,7880,100
6,7888,32
6,7896,97
6,7904,95
6,7912,96
6,7920,90
6,7928,42
6,7936,43
6,7944,93
6,7952,94
6,7960,98
6,7968,92
6,7976,104
6,7984,103
6,7992,16
6,8000,12
6,8008,11
6,8016,6
6,8024,0
6,8032,13
6,8040,14
6,8048,3
6,8056,8
6,8064,1
6,8072,2
6,8080,10
6,8088,21
6,8096,4
6,8104,27
6,8112,9
6,8120,17
6,8128,15
6,8136,19
6,8144,23
6,8152,22
6,8160,28
6,8168,26
6,8176,20
6,8184,7
6,8192,24
6,8200,18
6,8208,29
7,3600,142
7,3608,62
7,3616,86
7,3624,130
7,3632,30
7,3640,50
7,3648,114
7,3656,99
7,3664,5
7,3672,25
7,3680,145
7,3688,136
7,3696,135
7,3704,138
7,3712,139
7,3720,140
7,3728,143
7,3736,144
7,3744,147
7,3752,141
7,3760,137
7,3768,146
7,3776,149
7,3784,148
7,3792,65
7,3800,60
7,3808,68
7,3816,73
7,3824,74
7,3832,63
7,3840,70
7,3848,64
7,3856,71
7,3864,69
7,3872,61
7,3880,67
7,3888,72
7,3896,66
7,3904,77
7,3912,79
7,3920,78
7,3928,80
7,3936,85
7,3944,75
7,3952,81
7,3960,82
7,3968,88
7,3976,76
7,3984,97
7,3992,91
7,4000,96
7,4008,84
7,4016,100
7,4024,95
7,4032,89
7,4040,83
7,4048,122
7,4056,92
7,4064,121
7,4072,132
7,4080,104
7,4088,128
7,4096,126
7,4104,129
7,4112,133
7,4120,87
7,4128,94
7,4136,93
7,4144,124
7,4152,90
7,4160,134
7,4168,131
7,4176,102
7,4184,123
7,4192,98
7,4200,103
7,4208,120
7,4216,125
7,4224,101
7,4232,56
7,4240,127
7,4248,48
7,4256,57
7,4264,45
7,4272,53
7,4280,55
7,4288,49
7,4296,54
7,4304,59
7,4312,112
7,4320,58
7,4328,52
7,4336,51
7,4344,119
7,4352,110
7,4360,106
7,4368,46
7,4376,108
7,4384,116
7,4392,117
7,4400,47
7,4408,109
7,4416,115
7,4424,107
7,4432,111
7,4440,118
7,4448,105
7,4456,113
7,4464,41
7,4472,27
7,4480,35
7,4488,43
7,4496,34
7,4504,21
7,4512,16
7,4520,31
7,4528,39
7,4536,19
7,4544,36
7,4552,44
7,4560,42
7,4568,37
7,4576,15
7,4584,28
7,4592,17
7,4600,38
7,4608,32
7,4616,29
7,4624,18
7,4632,22
7,4640,40
7,4648,20
7,4656,26
7,4664,23
7,4672,33
7,4680,24
7,4688,4
7,4696,8
7,4704,2
7,4712,1
7,4720,6
7,4728,13
7,4736,12
7,4744,7
7,4752,11
7,4760,3
7,4768,0
7,4776,9
7,4784,14
7,4792,10
8,264,86
8,272,62
8,280,99
8,288,130
8,296,5
8,304,30
8,312,50
8,320,142
8,328,114
8,336,25
8,344,44
8,352,40
8,360,101
8,368,95
8,376,73
8,384,42
8,392,98
8,400,34
8,408,61
8,416,39
8,424,38
8,432,37
8,440,103
8,448,104
8,456,70
8,464,31
8,472,41
8,480,66
8,488,33
8,496,102
8,504,36
8,512,90
8,520,91
8,528,32
8,536,67
8,544,94
8,552,96
8,560,92
8,568,93
8,576,97
8,584,63
8,592,35
8,600,60
8,608,74
8,616,100
8,624,64
8,632,68
8,640,69
8,648,72
8,656,85
8,664,75
8,672,65
8,680,83
8,688,129
8,696,80
8,704,43
8,712,71
8,720,89
8,728,11
8,736,138
8,744,0
8,752,6
8,760,76
8,768,87
8,776,3
8,784,122
8,792,13
8,800,124
8,808,10
8,816,9
8,824,81
8,832,127
8,840,8
8,848,134
8,856,137
8,864,132
8,872,1
8,880,141
8,888,121
8,896,146
8,904,88
8,912,148
8,920,12
8,928,147
8,936,82
8,944,123
8,952,136
8,960,7
8,968,120
8,976,4
8,984,84
8,992,144
8,1000,126
8,1008,149
8,1016,125
8,1024,143
8,1032,135
8,1040,131
8,1048,133
8,1056,78
8,1064,140
8,1072,2
8,1080,77
8,1088,14
8,1096,79
8,1104,128
8,1112,145
8,1120,139
8,1128,108
8,1136,107
8,1144,24
8,1152,28
8,1160,27
8,1168,119
8,1176,21
8,1184,58
8,1192,109
8,1200,106
8,1208,116
8,1216,53
8,1224,49
8,1232,23
8,1240,17
8,1248,118
8,1256,45
8,1264,22
8,1272,110
8,1280,29
8,1288,15
8,1296,105
8,1304,57
8,1312,20
8,1320,18
8,1328,115
8,1336,51
8,1344,55
8,1352,19
8,1360,117
8,1368,16
8,1376,46
8,1384,113
8,1392,56
8,1400,54
8,1408,26
8,1416,112
8,1424,111
8,1432,48
8,1440,52
8,1448,47
8,1456,59
9,13320,142
9,13328,114
9,13336,62
9,13344,86
9,13352,130
9,13360,50
9,13368,5
9,13376,30
9,13384,99
9,13392,25
9,13400,148
9,13408,144
9,13416,139
9,13424,145
9,13432,137
9,13440,117
9,13448,149
9,13456,140
9,13464,138
9,13472,143
9,13480,147
9,13488,146
9,13496,109
9,13504,108
9,13512,106
9,13520,110
9,13528,141
9,13536,116
9,13544,135
9,13552,105
9,13560,136
9,13568,113
9,13576,119
9,13584,115
9,13592,70
9,13600,107
9,13608,118
9,13616,111
9,13624,63
9,13632,112
9,13640,61
9,13648,72
9,13656,60
9,13664,65
9,13672,74
9,13680,71
9,13688,66
9,13696,69
9,13704,64
9,13712,68
9,13720,73
9,13728,67
9,13736,131
9,13744,121
9,13752,126
9,13760,122
9,13768,128
9,13776,120
9,13784,127
9,13792,129
9,13800,132
9,13808,124
9,13816,133
9,13824,85
9,13832,123
9,13840,125
9,13848,82
9,13856,134
9,13864,89
9,13872,77
9,13880,87
9,13888,83
9,13896,84
9,13904,76
9,13912,78
9,13920,80
9,13928,79
9,13936,81
9,13944,88
9,13952,75
9,13960,101
9,13968,90
9,13976,100
9,13984,98
9,13992,94
9,14000,97
9,14008,95
9,14016,91
9,14024,104
9,14032,103
9,14040,92
9,14048,102
9,14056,93
9,14064,96
9,14072,2
9,14080,1
9,14088,28
9,14096,0
9,14104,3
9,14112,4
9,14120,14
9,14128,12
9,14136,8
9,14144,21
9,14152,13
9,14160,16
9,14168,7
9,14176,27
9,14184,19
9,14192,9
9,14200,11
9,14208,53
9,14216,35
9,14224,41
9,14232,42
9,14240,17
9,14248,56
9,14256,18
9,14264,26
9,14272,31
9,14280,32
9,14288,39
9,14296,29
9,14304,40
9,14312,6
9,14320,10
9,14328,34
9,14336,38
9,14344,24
9,14352,55
9,14360,52
9,14368,57
9,14376,49
9,14384,58
9,14392,45
9,14400,22
9,14408,33
9,14416,37
9,14424,51
9,14432,15
9,14440,59
9,14448,47
9,14456,48
9,14464,20
9,14472,36
9,14480,44
9,14488,46
9,14496,43
9,14504,23
9,14512,54
